#             eta             phi             dep             det     cap0     cap1     cap2     cap3      DetId
               -1               1               1       CASTOR_EM  3.82270  3.82270  3.82270  3.82270   56000001
               -1               1               2       CASTOR_EM  4.10390  4.10390  4.10390  4.10390   56000002
               -1               1               3      CASTOR_HAD  1.73110  1.73110  1.73110  1.73110   56000003
               -1               1               4      CASTOR_HAD  2.45840  2.45840  2.45840  2.45840   56000004
               -1               1               5      CASTOR_HAD  3.40090  3.40090  3.40090  3.40090   56000005
               -1               1               6      CASTOR_HAD  0.18220  0.18220  0.18220  0.18220   56000006
               -1               1               7      CASTOR_HAD  9.51050  9.51050  9.51050  9.51050   56000007
               -1               1               8      CASTOR_HAD  0.33380  0.33380  0.33380  0.33380   56000008
               -1               1               9      CASTOR_HAD  0.25080  0.25080  0.25080  0.25080   56000009
               -1               1              10      CASTOR_HAD  3.09240  3.09240  3.09240  3.09240   5600000A
               -1               1              11      CASTOR_HAD  2.08030  2.08030  2.08030  2.08030   5600000B
               -1               1              12      CASTOR_HAD  1.48310  1.48310  1.48310  1.48310   5600000C
               -1               1              13      CASTOR_HAD  2.05380  2.05380  2.05380  2.05380   5600000D
               -1               1              14      CASTOR_HAD  1.63040  1.63040  1.63040  1.63040   5600000E
               -1               2               1       CASTOR_EM  3.47110  3.47110  3.47110  3.47110   56000011
               -1               2               2       CASTOR_EM  4.39470  4.39470  4.39470  4.39470   56000012
               -1               2               3      CASTOR_HAD  2.03110  2.03110  2.03110  2.03110   56000013
               -1               2               4      CASTOR_HAD  2.15870  2.15870  2.15870  2.15870   56000014
               -1               2               5      CASTOR_HAD  2.85960  2.85960  2.85960  2.85960   56000015
               -1               2               6      CASTOR_HAD  0.29310  0.29310  0.29310  0.29310   56000016
               -1               2               7      CASTOR_HAD  4.35790  4.35790  4.35790  4.35790   56000017
               -1               2               8      CASTOR_HAD  2.17670  2.17670  2.17670  2.17670   56000018
               -1               2               9      CASTOR_HAD  0.24670  0.24670  0.24670  0.24670   56000019
               -1               2              10      CASTOR_HAD  2.55620  2.55620  2.55620  2.55620   5600001A
               -1               2              11      CASTOR_HAD  2.39710  2.39710  2.39710  2.39710   5600001B
               -1               2              12      CASTOR_HAD  1.65120  1.65120  1.65120  1.65120   5600001C
               -1               2              13      CASTOR_HAD  2.12030  2.12030  2.12030  2.12030   5600001D
               -1               2              14      CASTOR_HAD  2.09360  2.09360  2.09360  2.09360   5600001E
               -1               3               1       CASTOR_EM  2.81590  2.81590  2.81590  2.81590   56000021
               -1               3               2       CASTOR_EM  3.51990  3.51990  3.51990  3.51990   56000022
               -1               3               3      CASTOR_HAD  1.95800  1.95800  1.95800  1.95800   56000023
               -1               3               4      CASTOR_HAD  3.99540  3.99540  3.99540  3.99540   56000024
               -1               3               5      CASTOR_HAD  1.63720  1.63720  1.63720  1.63720   56000025
               -1               3               6      CASTOR_HAD  0.30910  0.30910  0.30910  0.30910   56000026
               -1               3               7      CASTOR_HAD  0.00000  0.00000  0.00000  0.00000   56000027
               -1               3               8      CASTOR_HAD  0.00000  0.00000  0.00000  0.00000   56000028
               -1               3               9      CASTOR_HAD  0.80480  0.80480  0.80480  0.80480   56000029
               -1               3              10      CASTOR_HAD  2.47140  2.47140  2.47140  2.47140   5600002A
               -1               3              11      CASTOR_HAD  3.40430  3.40430  3.40430  3.40430   5600002B
               -1               3              12      CASTOR_HAD  3.80150  3.80150  3.80150  3.80150   5600002C
               -1               3              13      CASTOR_HAD  2.31460  2.31460  2.31460  2.31460   5600002D
               -1               3              14      CASTOR_HAD  3.28830  3.28830  3.28830  3.28830   5600002E
               -1               4               1       CASTOR_EM  2.60810  2.60810  2.60810  2.60810   56000031
               -1               4               2       CASTOR_EM  2.74080  2.74080  2.74080  2.74080   56000032
               -1               4               3      CASTOR_HAD  2.13150  2.13150  2.13150  2.13150   56000033
               -1               4               4      CASTOR_HAD  2.31670  2.31670  2.31670  2.31670   56000034
               -1               4               5      CASTOR_HAD  2.33940  2.33940  2.33940  2.33940   56000035
               -1               4               6      CASTOR_HAD  0.45500  0.45500  0.45500  0.45500   56000036
               -1               4               7      CASTOR_HAD 14.30800 14.30800 14.30800 14.30800   56000037
               -1               4               8      CASTOR_HAD  0.00000  0.00000  0.00000  0.00000   56000038
               -1               4               9      CASTOR_HAD  0.00000  0.00000  0.00000  0.00000   56000039
               -1               4              10      CASTOR_HAD  4.55920  4.55920  4.55920  4.55920   5600003A
               -1               4              11      CASTOR_HAD  2.43690  2.43690  2.43690  2.43690   5600003B
               -1               4              12      CASTOR_HAD  2.20350  2.20350  2.20350  2.20350   5600003C
               -1               4              13      CASTOR_HAD  1.07240  1.07240  1.07240  1.07240   5600003D
               -1               4              14      CASTOR_HAD  3.05680  3.05680  3.05680  3.05680   5600003E
               -1               5               1       CASTOR_EM  3.13950  3.13950  3.13950  3.13950   56000041
               -1               5               2       CASTOR_EM  3.74890  3.74890  3.74890  3.74890   56000042
               -1               5               3      CASTOR_HAD  2.65240  2.65240  2.65240  2.65240   56000043
               -1               5               4      CASTOR_HAD  3.02900  3.02900  3.02900  3.02900   56000044
               -1               5               5      CASTOR_HAD  1.84090  1.84090  1.84090  1.84090   56000045
               -1               5               6      CASTOR_HAD  0.48920  0.48920  0.48920  0.48920   56000046
               -1               5               7      CASTOR_HAD 10.26610 10.26610 10.26610 10.26610   56000047
               -1               5               8      CASTOR_HAD  0.00000  0.00000  0.00000  0.00000   56000048
               -1               5               9      CASTOR_HAD  0.00000  0.00000  0.00000  0.00000   56000049
               -1               5              10      CASTOR_HAD 19.29990 19.29990 19.29990 19.29990   5600004A
               -1               5              11      CASTOR_HAD  2.38800  2.38800  2.38800  2.38800   5600004B
               -1               5              12      CASTOR_HAD  5.37080  5.37080  5.37080  5.37080   5600004C
               -1               5              13      CASTOR_HAD  2.47740  2.47740  2.47740  2.47740   5600004D
               -1               5              14      CASTOR_HAD  4.95430  4.95430  4.95430  4.95430   5600004E
               -1               6               1       CASTOR_EM  2.17720  2.17720  2.17720  2.17720   56000051
               -1               6               2       CASTOR_EM  2.71800  2.71800  2.71800  2.71800   56000052
               -1               6               3      CASTOR_HAD  2.31530  2.31530  2.31530  2.31530   56000053
               -1               6               4      CASTOR_HAD  4.14170  4.14170  4.14170  4.14170   56000054
               -1               6               5      CASTOR_HAD  1.26560  1.26560  1.26560  1.26560   56000055
               -1               6               6      CASTOR_HAD  0.44600  0.44600  0.44600  0.44600   56000056
               -1               6               7      CASTOR_HAD  0.00000  0.00000  0.00000  0.00000   56000057
               -1               6               8      CASTOR_HAD  0.00000  0.00000  0.00000  0.00000   56000058
               -1               6               9      CASTOR_HAD  0.76400  0.76400  0.76400  0.76400   56000059
               -1               6              10      CASTOR_HAD  2.43410  2.43410  2.43410  2.43410   5600005A
               -1               6              11      CASTOR_HAD  1.77110  1.77110  1.77110  1.77110   5600005B
               -1               6              12      CASTOR_HAD  5.98590  5.98590  5.98590  5.98590   5600005C
               -1               6              13      CASTOR_HAD  3.76660  3.76660  3.76660  3.76660   5600005D
               -1               6              14      CASTOR_HAD  5.96230  5.96230  5.96230  5.96230   5600005E
               -1               7               1       CASTOR_EM  2.54440  2.54440  2.54440  2.54440   56000061
               -1               7               2       CASTOR_EM  3.51780  3.51780  3.51780  3.51780   56000062
               -1               7               3      CASTOR_HAD  3.00430  3.00430  3.00430  3.00430   56000063
               -1               7               4      CASTOR_HAD  2.34340  2.34340  2.34340  2.34340   56000064
               -1               7               5      CASTOR_HAD  3.81530  3.81530  3.81530  3.81530   56000065
               -1               7               6      CASTOR_HAD  1.76320  1.76320  1.76320  1.76320   56000066
               -1               7               7      CASTOR_HAD  0.00000  0.00000  0.00000  0.00000   56000067
               -1               7               8      CASTOR_HAD  0.43580  0.43580  0.43580  0.43580   56000068
               -1               7               9      CASTOR_HAD  0.61940  0.61940  0.61940  0.61940   56000069
               -1               7              10      CASTOR_HAD  2.84490  2.84490  2.84490  2.84490   5600006A
               -1               7              11      CASTOR_HAD  4.55420  4.55420  4.55420  4.55420   5600006B
               -1               7              12      CASTOR_HAD  0.00000  0.00000  0.00000  0.00000   5600006C
               -1               7              13      CASTOR_HAD  4.02220  4.02220  4.02220  4.02220   5600006D
               -1               7              14      CASTOR_HAD  4.93430  4.93430  4.93430  4.93430   5600006E
               -1               8               1       CASTOR_EM  3.74430  3.74430  3.74430  3.74430   56000071
               -1               8               2       CASTOR_EM  3.56040  3.56040  3.56040  3.56040   56000072
               -1               8               3      CASTOR_HAD  3.26990  3.26990  3.26990  3.26990   56000073
               -1               8               4      CASTOR_HAD  3.53180  3.53180  3.53180  3.53180   56000074
               -1               8               5      CASTOR_HAD  3.24490  3.24490  3.24490  3.24490   56000075
               -1               8               6      CASTOR_HAD  0.25320  0.25320  0.25320  0.25320   56000076
               -1               8               7      CASTOR_HAD  0.00000  0.00000  0.00000  0.00000   56000077
               -1               8               8      CASTOR_HAD  0.33340  0.33340  0.33340  0.33340   56000078
               -1               8               9      CASTOR_HAD  0.59750  0.59750  0.59750  0.59750   56000079
               -1               8              10      CASTOR_HAD  3.88190  3.88190  3.88190  3.88190   5600007A
               -1               8              11      CASTOR_HAD  4.70290  4.70290  4.70290  4.70290   5600007B
               -1               8              12      CASTOR_HAD  2.30920  2.30920  2.30920  2.30920   5600007C
               -1               8              13      CASTOR_HAD  3.85280  3.85280  3.85280  3.85280   5600007D
               -1               8              14      CASTOR_HAD  2.49450  2.49450  2.49450  2.49450   5600007E
               -1               9               1       CASTOR_EM  2.96300  2.96300  2.96300  2.96300   56000081
               -1               9               2       CASTOR_EM  3.62010  3.62010  3.62010  3.62010   56000082
               -1               9               3      CASTOR_HAD  2.73020  2.73020  2.73020  2.73020   56000083
               -1               9               4      CASTOR_HAD  2.93000  2.93000  2.93000  2.93000   56000084
               -1               9               5      CASTOR_HAD  2.20960  2.20960  2.20960  2.20960   56000085
               -1               9               6      CASTOR_HAD  1.14720  1.14720  1.14720  1.14720   56000086
               -1               9               7      CASTOR_HAD  0.00000  0.00000  0.00000  0.00000   56000087
               -1               9               8      CASTOR_HAD  0.22300  0.22300  0.22300  0.22300   56000088
               -1               9               9      CASTOR_HAD  0.49610  0.49610  0.49610  0.49610   56000089
               -1               9              10      CASTOR_HAD  2.20920  2.20920  2.20920  2.20920   5600008A
               -1               9              11      CASTOR_HAD  1.76170  1.76170  1.76170  1.76170   5600008B
               -1               9              12      CASTOR_HAD  2.17210  2.17210  2.17210  2.17210   5600008C
               -1               9              13      CASTOR_HAD  1.63620  1.63620  1.63620  1.63620   5600008D
               -1               9              14      CASTOR_HAD  2.60500  2.60500  2.60500  2.60500   5600008E
               -1              10               1       CASTOR_EM  2.39720  2.39720  2.39720  2.39720   56000091
               -1              10               2       CASTOR_EM  3.44710  3.44710  3.44710  3.44710   56000092
               -1              10               3      CASTOR_HAD  4.70880  4.70880  4.70880  4.70880   56000093
               -1              10               4      CASTOR_HAD  3.86330  3.86330  3.86330  3.86330   56000094
               -1              10               5      CASTOR_HAD  2.20550  2.20550  2.20550  2.20550   56000095
               -1              10               6      CASTOR_HAD  1.21170  1.21170  1.21170  1.21170   56000096
               -1              10               7      CASTOR_HAD  0.00000  0.00000  0.00000  0.00000   56000097
               -1              10               8      CASTOR_HAD  0.22680  0.22680  0.22680  0.22680   56000098
               -1              10               9      CASTOR_HAD  0.50400  0.50400  0.50400  0.50400   56000099
               -1              10              10      CASTOR_HAD  3.41820  3.41820  3.41820  3.41820   5600009A
               -1              10              11      CASTOR_HAD  1.63120  1.63120  1.63120  1.63120   5600009B
               -1              10              12      CASTOR_HAD  3.23040  3.23040  3.23040  3.23040   5600009C
               -1              10              13      CASTOR_HAD  2.58550  2.58550  2.58550  2.58550   5600009D
               -1              10              14      CASTOR_HAD  1.98670  1.98670  1.98670  1.98670   5600009E
               -1              11               1       CASTOR_EM  4.08830  4.08830  4.08830  4.08830   560000A1
               -1              11               2       CASTOR_EM  6.59520  6.59520  6.59520  6.59520   560000A2
               -1              11               3      CASTOR_HAD  4.22640  4.22640  4.22640  4.22640   560000A3
               -1              11               4      CASTOR_HAD  2.80340  2.80340  2.80340  2.80340   560000A4
               -1              11               5      CASTOR_HAD  1.95620  1.95620  1.95620  1.95620   560000A5
               -1              11               6      CASTOR_HAD  1.05560  1.05560  1.05560  1.05560   560000A6
               -1              11               7      CASTOR_HAD  0.00000  0.00000  0.00000  0.00000   560000A7
               -1              11               8      CASTOR_HAD  0.00000  0.00000  0.00000  0.00000   560000A8
               -1              11               9      CASTOR_HAD  0.49690  0.49690  0.49690  0.49690   560000A9
               -1              11              10      CASTOR_HAD  2.91750  2.91750  2.91750  2.91750   560000AA
               -1              11              11      CASTOR_HAD 83.29160 83.29160 83.29160 83.29160   560000AB
               -1              11              12      CASTOR_HAD  3.36180  3.36180  3.36180  3.36180   560000AC
               -1              11              13      CASTOR_HAD  3.78180  3.78180  3.78180  3.78180   560000AD
               -1              11              14      CASTOR_HAD  2.95120  2.95120  2.95120  2.95120   560000AE
               -1              12               1       CASTOR_EM  3.80460  3.80460  3.80460  3.80460   560000B1
               -1              12               2       CASTOR_EM  3.00600  3.00600  3.00600  3.00600   560000B2
               -1              12               3      CASTOR_HAD  3.01220  3.01220  3.01220  3.01220   560000B3
               -1              12               4      CASTOR_HAD  3.70170  3.70170  3.70170  3.70170   560000B4
               -1              12               5      CASTOR_HAD  4.83160  4.83160  4.83160  4.83160   560000B5
               -1              12               6      CASTOR_HAD  1.48470  1.48470  1.48470  1.48470   560000B6
               -1              12               7      CASTOR_HAD  0.00000  0.00000  0.00000  0.00000   560000B7
               -1              12               8      CASTOR_HAD  0.00000  0.00000  0.00000  0.00000   560000B8
               -1              12               9      CASTOR_HAD  1.03170  1.03170  1.03170  1.03170   560000B9
               -1              12              10      CASTOR_HAD  3.36490  3.36490  3.36490  3.36490   560000BA
               -1              12              11      CASTOR_HAD 97.52890 97.52890 97.52890 97.52890   560000BB
               -1              12              12      CASTOR_HAD  3.21920  3.21920  3.21920  3.21920   560000BC
               -1              12              13      CASTOR_HAD  1.21000  1.21000  1.21000  1.21000   560000BD
               -1              12              14      CASTOR_HAD  1.81370  1.81370  1.81370  1.81370   560000BE
               -1              13               1       CASTOR_EM  1.12750  1.12750  1.12750  1.12750   560000C1
               -1              13               2       CASTOR_EM  3.24650  3.24650  3.24650  3.24650   560000C2
               -1              13               3      CASTOR_HAD  2.31520  2.31520  2.31520  2.31520   560000C3
               -1              13               4      CASTOR_HAD  1.68050  1.68050  1.68050  1.68050   560000C4
               -1              13               5      CASTOR_HAD  1.42030  1.42030  1.42030  1.42030   560000C5
               -1              13               6      CASTOR_HAD  2.44940  2.44940  2.44940  2.44940   560000C6
               -1              13               7      CASTOR_HAD  0.00000  0.00000  0.00000  0.00000   560000C7
               -1              13               8      CASTOR_HAD  0.00000  0.00000  0.00000  0.00000   560000C8
               -1              13               9      CASTOR_HAD  0.00000  0.00000  0.00000  0.00000   560000C9
               -1              13              10      CASTOR_HAD  4.19650  4.19650  4.19650  4.19650   560000CA
               -1              13              11      CASTOR_HAD 150.67349 150.67349 150.67349 150.67349   560000CB
               -1              13              12      CASTOR_HAD  3.23000  3.23000  3.23000  3.23000   560000CC
               -1              13              13      CASTOR_HAD  0.00000  0.00000  0.00000  0.00000   560000CD
               -1              13              14      CASTOR_HAD  4.06300  4.06300  4.06300  4.06300   560000CE
               -1              14               1       CASTOR_EM  1.57450  1.57450  1.57450  1.57450   560000D1
               -1              14               2       CASTOR_EM  3.82420  3.82420  3.82420  3.82420   560000D2
               -1              14               3      CASTOR_HAD  2.16030  2.16030  2.16030  2.16030   560000D3
               -1              14               4      CASTOR_HAD  3.07340  3.07340  3.07340  3.07340   560000D4
               -1              14               5      CASTOR_HAD  2.01530  2.01530  2.01530  2.01530   560000D5
               -1              14               6      CASTOR_HAD  0.49130  0.49130  0.49130  0.49130   560000D6
               -1              14               7      CASTOR_HAD  0.00000  0.00000  0.00000  0.00000   560000D7
               -1              14               8      CASTOR_HAD  0.00000  0.00000  0.00000  0.00000   560000D8
               -1              14               9      CASTOR_HAD  0.52740  0.52740  0.52740  0.52740   560000D9
               -1              14              10      CASTOR_HAD  2.01940  2.01940  2.01940  2.01940   560000DA
               -1              14              11      CASTOR_HAD 63.18520 63.18520 63.18520 63.18520   560000DB
               -1              14              12      CASTOR_HAD  2.86690  2.86690  2.86690  2.86690   560000DC
               -1              14              13      CASTOR_HAD  2.95070  2.95070  2.95070  2.95070   560000DD
               -1              14              14      CASTOR_HAD  2.68060  2.68060  2.68060  2.68060   560000DE
               -1              15               1       CASTOR_EM  1.37050  1.37050  1.37050  1.37050   560000E1
               -1              15               2       CASTOR_EM  3.98390  3.98390  3.98390  3.98390   560000E2
               -1              15               3      CASTOR_HAD  2.52600  2.52600  2.52600  2.52600   560000E3
               -1              15               4      CASTOR_HAD  2.02870  2.02870  2.02870  2.02870   560000E4
               -1              15               5      CASTOR_HAD  2.60600  2.60600  2.60600  2.60600   560000E5
               -1              15               6      CASTOR_HAD  0.25720  0.25720  0.25720  0.25720   560000E6
               -1              15               7      CASTOR_HAD  0.00000  0.00000  0.00000  0.00000   560000E7
               -1              15               8      CASTOR_HAD  0.00000  0.00000  0.00000  0.00000   560000E8
               -1              15               9      CASTOR_HAD  0.25760  0.25760  0.25760  0.25760   560000E9
               -1              15              10      CASTOR_HAD  1.89130  1.89130  1.89130  1.89130   560000EA
               -1              15              11      CASTOR_HAD  1.84230  1.84230  1.84230  1.84230   560000EB
               -1              15              12      CASTOR_HAD  2.68230  2.68230  2.68230  2.68230   560000EC
               -1              15              13      CASTOR_HAD  2.30180  2.30180  2.30180  2.30180   560000ED
               -1              15              14      CASTOR_HAD  4.06830  4.06830  4.06830  4.06830   560000EE
               -1              16               1       CASTOR_EM  1.69680  1.69680  1.69680  1.69680   560000F1
               -1              16               2       CASTOR_EM  3.13170  3.13170  3.13170  3.13170   560000F2
               -1              16               3      CASTOR_HAD  3.36420  3.36420  3.36420  3.36420   560000F3
               -1              16               4      CASTOR_HAD  2.12580  2.12580  2.12580  2.12580   560000F4
               -1              16               5      CASTOR_HAD  1.45170  1.45170  1.45170  1.45170   560000F5
               -1              16               6      CASTOR_HAD  2.07320  2.07320  2.07320  2.07320   560000F6
               -1              16               7      CASTOR_HAD  0.00000  0.00000  0.00000  0.00000   560000F7
               -1              16               8      CASTOR_HAD  0.00000  0.00000  0.00000  0.00000   560000F8
               -1              16               9      CASTOR_HAD  0.19390  0.19390  0.19390  0.19390   560000F9
               -1              16              10      CASTOR_HAD  3.20840  3.20840  3.20840  3.20840   560000FA
               -1              16              11      CASTOR_HAD  1.65490  1.65490  1.65490  1.65490   560000FB
               -1              16              12      CASTOR_HAD  1.43920  1.43920  1.43920  1.43920   560000FC
               -1              16              13      CASTOR_HAD  2.24670  2.24670  2.24670  2.24670   560000FD
               -1              16              14      CASTOR_HAD  2.23230  2.23230  2.23230  2.23230   560000FE
