153368
153302
153299
153191
153184
153168
153128
152957
152955
152791
152785
152766
152760
152751
152745
152741
152722
152721
152706
152705
152699
152698
152670
152652
152643
152642
152641
152625
152624
152613
152602
152601
152594
152592
152588
152583
152561
152485
152484
152477
152474
152431
152391
152350
152349
152113
152112
152047
151976
151975
151969
151968
151967
151935
151923
151922
151878
151353
151352
151351
151350
151349
151240
151239
151238
151237
151217
151211
151153
151126
151088
151087
151077
151076
151059
151058
151027
151022
151020
150887
150886
150883
150882
150619
150593
150590
150476
150457
150442
150436
150431
149442
149294
149291
149182
149181
149064
149063
149058
149011
149003
148953
148952
148864
148862
148860
148859
148844
148829
148828
148822
148819
148058
148057
148032
148031
148029
148002
147929
147927
147926
147757
147755
147754
147753
147752
147749
147454
147453
147452
147451
147450
147390
147284
147222
147221
147219
147218
147217
147216
147214
147212
147206
147196
147116
147115
147114
147048
147043
146944
146807
146806
146804
146729
146728
146724
146721
146719
146715
146713
146712
146710
146703
146698
146644
146589
146514
146513
146511
146510
146442
146437
146436
146431
146430
146428
146421
146417
144114
144112
144089
144086
144083
144011
144010
143962
143961
143960
143959
143957
143956
143955
143954
143953
143835
143833
143831
143827
143731
143727
143726
143665
143657
143336
143328
143327
143326
143323
143322
143321
143320
143319
143318
143193
143192
143191
143187
143181
143179
143008
143007
143006
143005
143004
142974
142971
142970
142955
142954
142953
142936
142935
142934
142933
142931
142928
142664
142663
142662
142661
142660
142659
142658
142657
142655
142653
142558
142557
142537
142535
142530
142528
142525
142524
142523
142514
142513
142503
142461
142422
142420
142419
142418
142417
142415
142414
142413
142319
142318
142317
142315
142313
142312
142311
142309
142308
142305
142304
142303
142265
142264
142191
142189
142188
142187
142137
142136
142135
142132
142130
142129
142128
142076
142040
142039
142038
142036
142035
141961
141960
141959
141958
141957
141956
141882
141881
141880
141876
141874
141865
140401
140399
140388
140387
140386
140385
140383
140382
140381
140379
140362
140361
140359
140352
140331
140182
140181
140180
140160
140159
140158
140133
140126
140124
140123
140119
140116
140076
140070
140059
140058
139980
139978
139976
139975
139974
139973
139972
139971
139969
139968
139967
139966
139965
139790
139789
139788
139786
139784
139783
139781
139780
139779
139459
139458
139457
139455
139411
139407
139400
139399
139375
139372
139370
139368
139365
139364
139363
139362
139360
139356
139347
139239
139195
139103
139102
139100
139098
139096
139020
138939
138937
138924
138923
138921
138920
138919
138751
138750
138749
138747
138746
138745
138744
138742
138739
138738
138737
138572
138571
138570
138565
138564
138563
138562
138560
137028
137027
136297
136294
136290
136119
136100
136098
136097
136088
136087
136082
136080
136066
136035
136033
135735
135575
135573
135538
135537
135535
135534
135528
135525
135523
135521
135445
135175
135149
135059
134725
134721
133928
133927
133885
133881
133877
133876
133875
133874
133511
133510
133509
133483
133474
133473
133472
133463
133450
133448
133446
133336
133324
133321
133320
133289
133280
133270
133269
133257
133250
133248
133242
133241
133239
133172
133161
133158
133147
133146
133082
133081
133046
133038
133036
133035
133034
133031
133030
133029
132968
132965
132961
132960
132959
132958
132716
132662
132661
132659
132658
132656
132654
132653
132652
132650
132648
132647
132646
132606
132605
132602
132601
132599
132598
132597
132596
132573
132572
132569
132478
132477
132476
132474
132473
132471
132442
132440
130910